INDEX NOMINUM ET RERUM.

S.

sabaeo, attrtopa, 461141 16666 11614461, 1, 55, 21 poenas

ῐ 661164666616661166666666 opera 11664166 condemnat,
65, 3 aq. 466661661666161666146, in 4461661616 16 raci-

Sudoe, 6166 1664616 416616, 411, 47, 4.

r 81444464 Arabes, ΙΙΙ, 46, Ι.

Sabazius 6666666, 46146 64 Proserpina 114166, 41, 4, 1.

511616 5614111666 adjungunt 161461 1 6611161 6641661 666116
4611661161,446661661 116616 , 14, 34, 466156661616
ragina 161166, 34, 3 61. 35, 11 43, 5. sarm 46461116

, 61616416 66 Thermopylas 66611661, 114, 7, 2.

sacar 66111646416116, 1414, 26, 3.

511616 166111616 arabica 6666661 aios descriptio, V, 41, 4

= 56616616646161101 196,1666.1,1411, 23666

r 5666616111 66 4116616616 61166614661411, 15.

Sais ab Atheniensibus 46 4611116 66661461 57, 45. 561461
46 44146661 coloniam ducunt, 1, 26, 3.

ἶ Salsamenta, 416461616146 Sardanapalli, 44, 26, 5

’ Saturniam 66116 4466616664661, 1444, 5.

, 56461611, Asopi 61 metopas 1., 41, 72, 1. 4 neptuno 611461
6166164, 5616161646 1666161666, 71, 4.

16 5616614666 16661616 61616664 1166166 transportant
4411661616666161661666661644116616 146116 Parsa 141,
13, 4.56161111111111611116416111666611611611666. 165616
6116616661166666166166441666166666,26,5.16664661
16661661666166661111666666661611161,144,49. 5646·
11111144 conspirationis accusatio triginta 41166616 capita
6161466461,1441, 32, 4. salaminam oppugnat cassander,
11111661.

saloma, 6166 cypri, 66161666 6666646614, 4, 2 66.
Ejus 161 466616661111661 1166111666 11666116, 1411,
96, 4. 41616166661661111, 141, 4, 2. 4141664666 64 416·
6616611166664111, 114, 42, 5. 4 Demetrio 6661116161,
116116466 616661 16114161 66161166616, 1414, 46. Salaminem

post proetium 66 Ipsum cum matra tagit 6661611166,
14141, 4, 4Ι

5636666616 1171 amotio commonit Ptolemaeos, 46116664
111 1414, 7 4

5641666116,166111.,56416661616 616661 46141146 666641,
41,66,11614161616666461111116,46411.16146166616-

16116 du⁴crt 5466166616 161 6611616416 1116666 161466 2,
1 6 sq.

5646161146 16 1116111116,11,66, 1.
suimus, 61416 661111666611666116, 14111, 166, 4

566761214666141,6411116 ad Pontum 6661116116464611146, 14411,

6646111161616666164641, 111, 169, 6.

735

expedienti 6611611114 141, 3, 6. 46 56111661 post 14666111
56461616466166661441464666161111611661,27,1 samii
1666166 mittunt ad 466116616616, 64 61666616 4616 61·
4166 16 libertatem 11661664 6166466, 34, 3. Pa 111666
oum 141166146 666466666466 ab 4141611166616116 6644611161,
6161164616 664666616616664111,144,27,166166-
116 dissidiis 466616 turbatum 614616 tactio Persarum
61111416 potitur, 64161666 atheniensibus datos 6 tanam
166666641666666611416 sos 16116166 mittitur ,66156616
61666161166646 66161616 666 6611666161414 27,3666.
46446661611616666666166414441,34,2.5661116111166111
obsidat Lysander, 1414, 10616 416616411466161116116 v
66644, 1414, 21, 2. 4661146 66146 6111614111 16461 446661611-
66611114, 67 5661116 616666616661161661441114 Par·

diccas, 16, 4561111164411611161161666 16661461666164616·
4161616666416, 56 7

5616616,666116,14114144, 42

samnitarum 46666616666116116661, 114, 45, 6. Pti-
6416616, 4616666 1111661616 1116164661, expugnant, 5616·
666616166111666641114,72,3.1611616111166666116
46616666 pugnant 72, 4. 46 6166616 11111116 6 46616616
1666664111, 76, 2. 46 Tatium (1) 16 apulia 6 46166646
1166664111, 114, 26, 6. 16111666 4616666166 6661666646
16166116661666146646164461616666664635,2. 1116146
6466161116 1166116461, 44, 6. 461611611611616 661664,
9ο,4.16666111616646616461661116 161, 5. 4666111641
416416 666116 Romanos 11666661,14141141, 2, 4.

5616646166164666416 66661416 661666 66644 14111116, 41116-
11161161 ragina 161616616 Dionysio 141, 55, 661 41,
42, 1 01461 samus 1615666666116166146, asama et
Thracia octonos acecpit oudo 5661644111616 dicta, 1,
47,1, 2 samothmcum do antrquo 61161466611641647,
346666111616664614611111666664146145666,46,1411611
manducantur 46146 61 mactra 416611 bardarum, 466166
6146166616,46,2.561116411166166 161646116,6111116 iu
661111666616411166664,16661646 61161 611 1661666, 46, 1.
samottuacaa 61141, 43, 11 46, 6. 41 1661161666666.
Ephorum 16 samothraciam 1611616 41664141, 1, 64, 4.

5611146666,1661416641161616,61616616166664,616661
transformationem 6661416111 coactus 66166616 iacit, 61·
6166616666161616161414141,16,2.

summariorum 5666161666 nomon, 1, 47,2.

sommiorum 1666 66461116 missa 1656166161661661,1 47,
2. 56166166 lauba 661666666611616164666, 14666161
1411661, 61, 6. 61. samii.

51111166,4.166661666161616 6116166116, 66111 2616166666

6116 tratrem 66146 patituro 66 adiungit, 1441, 19, 5

5661166661, 6641666111 5166461666 66616111, 47,2. 1.

samothraca.

56446416 6161646 (tumim ὄρχησις) curatum ιη cm, m 561111, 46116 6 1111111161, 164 1161661116 441666 fliius,

1664616, 1, 65, 2.
5646461561161611 portus 46 stou arabico, 144, 46, 1.

samothracum* crritatam post 614611661 616466144, 1,
46, 1

5646414666 serrorum 1666441616 46 5461446, 16646 6661166 3044414441 ‘und‘ffl ⁰³⁰¹ ⁰⁶¹¹& ἘΙ 04441) Pl⁰¹⁰¹¹⁰ 0⁸⁸⁰ Μ·

666116,11111666611116416461,1414117 1. auocata 6666.

1111141 11646114,1,25, 1.

1114,41666466616 66116166614,7,2,61161111111111.1,, sardanapallus, 1146666666 616146666161 assyriorum,

custodiam tradit, 4646114666416 regiam 1616111 iusti·
tuat 7 3, 4. 4616641646 16 31614 41166116·,4111664666111

libertati 1666166,466111111611446111166646656114416661,
soffri? 681663 511116 6146166166 4 6161414111, 14114, 93,

561661161160246646 populos, cui pacaan 4161611661 66666614,

5116146116,1116641666116466116,1114, 1164

566110661ιὲ61 411646 66616 alexandum 6666141114, 1141,
⁸⁴1·

166144 11664166616666 61611646661111111 411161166611.
Quot 116161 6116 curn 16646116 6466416 xerxi 16 6146646111

11111111161111111416111166116111116161111111116116616·
616, 4166666 attrabunt 1611, 24, 5. Drdcaunt 36616611,
1466164161616,1646.466614664116116 1111111146 14661Ι 161,
25, 1 64 teto. 11646146 6161661461616 6164141461 666111
66664664466114111166646616411614166666161111114116
urbe obsidetur ,6116 1611166666 1664 raptamque 6661
6666661646 cremat, 26 61 27. 61 111, 16.

5616634646,41,,451,1,134334740,13 80,ἳῶ

alexandro occupantur, 141144, 21, 7. &adem prator
616616 caprt 1161161666 66666611 661,114, 167,5.

Sardinia 46611461 descriptio, 1, 15 Deducta in 6661 66

46466 6646616, 6666 inccta nominantur 461661, 46414. 61
41,19,1.96661664656161111666616,41,39,4. 4661·

 

